{
  "nbformat": 4,
  "nbformat_minor": 0,
  "metadata": {
    "colab": {
      "provenance": [],
      "authorship_tag": "ABX9TyOamMcNpZmw65D2RCGzk+Am",
      "include_colab_link": true
    },
    "kernelspec": {
      "name": "python3",
      "display_name": "Python 3"
    },
    "language_info": {
      "name": "python"
    }
  },
  "cells": [
    {
      "cell_type": "markdown",
      "metadata": {
        "id": "view-in-github",
        "colab_type": "text"
      },
      "source": [
        "<a href=\"https://colab.research.google.com/github/vibhorrrrr/AI-ML-DS/blob/main/SPOTIFYIDSTAE.ipynb\" target=\"_parent\"><img src=\"https://colab.research.google.com/assets/colab-badge.svg\" alt=\"Open In Colab\"/></a>"
      ]
    },
    {
      "cell_type": "markdown",
      "source": [
        "Loading the dataset\n"
      ],
      "metadata": {
        "id": "iLuCrJWyyu8G"
      }
    },
    {
      "cell_type": "code",
      "execution_count": 17,
      "metadata": {
        "id": "XUP1AEUQvHam"
      },
      "outputs": [],
      "source": [
        "import pandas as pd\n",
        "import plotly.express as px\n",
        "import plotly.graph_objects as go\n",
        "import numpy as np\n",
        "from io import StringIO\n",
        "csv_data = StringIO(content)\n",
        "\n",
        "# Load the dataset\n",
        "file_path = '/content/spotify-2023.csv'\n",
        "with open(file_path, 'rb') as file:\n",
        "    content = file.read().decode('utf-8', errors='ignore')  # You can try different encodings if 'utf-8' doesn't work\n",
        "\n",
        "# Create a StringIO object to read the content\n",
        "from io import StringIO\n",
        "csv_data = StringIO(content)\n",
        "\n",
        "# Read the CSV data into a DataFrame\n",
        "df = pd.read_csv(csv_data)\n",
        "file_path = '/content/spotify-2023.csv'\n",
        "try:\n",
        "    df = pd.read_csv(file_path, encoding='utf-8')\n",
        "except UnicodeDecodeError:\n",
        "    with open(file_path, 'rb') as file:\n",
        "        content = file.read().decode('utf-8', errors='ignore')\n",
        "    from io import StringIO\n",
        "    csv_data = StringIO(content)\n",
        "    df = pd.read_csv(csv_data)"
      ]
    },
    {
      "cell_type": "markdown",
      "source": [
        "Data Cleaning"
      ],
      "metadata": {
        "id": "dYxxqsaVziqf"
      }
    },
    {
      "cell_type": "code",
      "source": [
        "# Data Cleaning\n",
        "df = df.drop_duplicates()\n",
        "\n",
        "# Check for and handle missing values\n",
        "missing_values = df.isnull().sum()"
      ],
      "metadata": {
        "id": "CRnAbu20vxov"
      },
      "execution_count": 18,
      "outputs": []
    },
    {
      "cell_type": "markdown",
      "source": [
        "Correlation Heatmap of Audio Features"
      ],
      "metadata": {
        "id": "hEsBukLnzp3U"
      }
    },
    {
      "cell_type": "code",
      "source": [
        "corr_matrix = df.corr(numeric_only=True)\n",
        "fig = px.imshow(corr_matrix,\n",
        "                labels=dict(color='Correlation'),\n",
        "                x=corr_matrix.columns,\n",
        "                y=corr_matrix.columns)\n",
        "fig.update_layout(title='Correlation Matrix of Audio Features')\n",
        "fig.show()\n"
      ],
      "metadata": {
        "colab": {
          "base_uri": "https://localhost:8080/",
          "height": 542
        },
        "id": "7AUts69_zn0S",
        "outputId": "5e79a2db-3067-4245-e752-0fd7d245bb3c"
      },
      "execution_count": 27,
      "outputs": [
        {
          "output_type": "display_data",
          "data": {
            "text/html": [
              "<html>\n",
              "<head><meta charset=\"utf-8\" /></head>\n",
              "<body>\n",
              "    <div>            <script src=\"https://cdnjs.cloudflare.com/ajax/libs/mathjax/2.7.5/MathJax.js?config=TeX-AMS-MML_SVG\"></script><script type=\"text/javascript\">if (window.MathJax && window.MathJax.Hub && window.MathJax.Hub.Config) {window.MathJax.Hub.Config({SVG: {font: \"STIX-Web\"}});}</script>                <script type=\"text/javascript\">window.PlotlyConfig = {MathJaxConfig: 'local'};</script>\n",
              "        <script charset=\"utf-8\" src=\"https://cdn.plot.ly/plotly-2.24.1.min.js\"></script>                <div id=\"bd1c0e4a-419c-4431-971f-d6e41e90c866\" class=\"plotly-graph-div\" style=\"height:525px; width:100%;\"></div>            <script type=\"text/javascript\">                                    window.PLOTLYENV=window.PLOTLYENV || {};                                    if (document.getElementById(\"bd1c0e4a-419c-4431-971f-d6e41e90c866\")) {                    Plotly.newPlot(                        \"bd1c0e4a-419c-4431-971f-d6e41e90c866\",                        [{\"coloraxis\":\"coloraxis\",\"name\":\"0\",\"x\":[\"artist_count\",\"released_year\",\"released_month\",\"released_day\",\"in_spotify_playlists\",\"in_spotify_charts\",\"streams\",\"in_apple_playlists\",\"in_apple_charts\",\"in_deezer_charts\",\"bpm\",\"danceability_%\",\"valence_%\",\"energy_%\",\"acousticness_%\",\"instrumentalness_%\",\"liveness_%\",\"speechiness_%\",\"total_platforms\"],\"y\":[\"artist_count\",\"released_year\",\"released_month\",\"released_day\",\"in_spotify_playlists\",\"in_spotify_charts\",\"streams\",\"in_apple_playlists\",\"in_apple_charts\",\"in_deezer_charts\",\"bpm\",\"danceability_%\",\"valence_%\",\"energy_%\",\"acousticness_%\",\"instrumentalness_%\",\"liveness_%\",\"speechiness_%\",\"total_platforms\"],\"z\":[[1.0,0.08758619769468069,0.03799458456050441,-0.01754949152905714,-0.10196589918270729,-0.01850650651524199,-0.1364634747824173,-0.051073852330109755,-0.08859660162012319,-0.003731574346224385,-0.03837538512333271,0.20702676446608476,0.127959881733415,0.13709627268483093,-0.10106139167561957,-0.0502250907907609,0.042730091468625296,0.11989989292333003,-0.0729781700419179],[0.08758619769468069,1.0,0.07671440084951928,0.17428180050649061,-0.3922038568887926,0.0696778410730965,-0.23080298001658744,-0.19899815130923887,-0.035842142568556806,0.09538908823216716,-0.005333560009300616,0.18733332896719546,-0.059354792750434905,0.09522584392211263,-0.12415564183964546,-0.014561696298256967,-0.005819077724483149,0.13381907660843495,0.0018736758301495283],[0.03799458456050441,0.07671440084951928,1.0,0.08031320581579707,-0.10475660889647924,-0.04762337078403501,-0.024937928598855495,-0.00016351317445347093,-0.019063630017936675,-0.005285980810643522,-0.03925224964651362,-0.04640258389320854,-0.11857126173795626,-0.08371011487888788,0.05442992684491474,0.03398543343606111,-0.012347574189325446,0.039837623693255414,-0.028909360431556348],[-0.01754949152905714,0.17428180050649061,0.08031320581579707,1.0,-0.07966905870093602,0.021876541686204183,0.010597940412743126,0.026409527018930054,0.011085906382013566,0.07328784660980427,-0.030177092484574574,0.04895135509462899,0.04277890315486718,0.05054542756173105,-0.005788335956102158,0.01927960824829092,0.001565671270370418,-0.015826256785264906,0.021454895140609692],[-0.10196589918270729,-0.3922038568887926,-0.10475660889647924,-0.07966905870093602,1.0,0.16433145454828366,0.7898221599550613,0.708277180655621,0.2713172709026882,0.14434226042978068,-0.01959759975800961,-0.10653367038753647,-0.021882735587464903,0.03380770772434547,-0.06442070596396697,-0.028133740598083455,-0.046695347155763615,-0.08972233188636587,0.2670861909709457],[-0.01850650651524199,0.0696778410730965,-0.04762337078403501,0.021876541686204183,0.16433145454828366,1.0,0.24582119983366876,0.233353547112023,0.552232389934744,0.6002054038320238,0.03471278536114764,0.03007130280230674,0.0355309930475869,0.08191992528277002,-0.05498672408191746,-0.010146449027038063,-0.04755236634820574,-0.0817645436777334,0.7665447712523987],[-0.1364634747824173,-0.23080298001658744,-0.024937928598855495,0.010597940412743126,0.7898221599550613,0.24582119983366876,1.0,0.7720629840820624,0.32023434128277695,0.22859797355472555,-0.0024379081382712967,-0.10545688369141895,-0.040831367495159435,-0.026051488364249,-0.004484652700683855,-0.044902473175109724,-0.04833729577983247,-0.11233299640338565,0.33574392231517786],[-0.051073852330109755,-0.19899815130923887,-0.00016351317445347093,0.026409527018930054,0.708277180655621,0.233353547112023,0.7720629840820624,1.0,0.41452330571208246,0.36903246180740806,0.023725045410861616,-0.025326235470128196,0.05707478706578629,0.05261524871883056,-0.061780997909493506,-0.05721879744731476,-0.0495962741888433,-0.1080110982874391,0.4162929107974411],[-0.08859660162012319,-0.035842142568556806,-0.019063630017936675,0.011085906382013566,0.2713172709026882,0.552232389934744,0.32023434128277695,0.41452330571208246,1.0,0.38366760449743265,0.030961591631215854,-0.025203867628097718,0.0477329331878402,0.1048283767647134,-0.07679342498061872,-0.01314517131255827,-0.01873328393466035,-0.15153919140002176,0.9553129037084992],[-0.003731574346224385,0.09538908823216716,-0.005285980810643522,0.07328784660980427,0.14434226042978068,0.6002054038320238,0.22859797355472555,0.36903246180740806,0.38366760449743265,1.0,0.02803578713902619,0.07091251939752759,0.07619598480675038,0.09462666465278792,-0.02936084652884395,0.005398402197416213,-0.0075683959574591505,-0.08055515140381948,0.5575530109460014],[-0.03837538512333271,-0.005333560009300616,-0.03925224964651362,-0.030177092484574574,-0.01959759975800961,0.03471278536114764,-0.0024379081382712967,0.023725045410861616,0.030961591631215854,0.02803578713902619,1.0,-0.14709450365704288,0.041194569909112314,0.025794458095156552,-0.0176944726073845,-0.0011947453753002677,-0.0007609772058049714,0.0392602021355616,0.0362059873992366],[0.20702676446608476,0.18733332896719546,-0.04640258389320854,0.04895135509462899,-0.10653367038753647,0.03007130280230674,-0.10545688369141895,-0.025326235470128196,-0.025203867628097718,0.07091251939752759,-0.14709450365704288,1.0,0.4084514401611997,0.1980948483762567,-0.23616549457097627,-0.0891380123653967,-0.07753818325890914,0.18497711241491427,-0.0038868384171204125],[0.127959881733415,-0.059354792750434905,-0.11857126173795626,0.04277890315486718,-0.021882735587464903,0.0355309930475869,-0.040831367495159435,0.05707478706578629,0.0477329331878402,0.07619598480675038,0.041194569909112314,0.4084514401611997,1.0,0.3576120059746848,-0.08190727483082776,-0.13289036094202847,0.021277538565302453,0.04108109284898645,0.053524707118965446],[0.13709627268483093,0.09522584392211263,-0.08371011487888788,0.05054542756173105,0.03380770772434547,0.08191992528277002,-0.026051488364249,0.05261524871883056,0.1048283767647134,0.09462666465278792,0.025794458095156552,0.1980948483762567,0.3576120059746848,1.0,-0.5773442179801164,-0.03854651862406125,0.11730178031427665,-0.0048460036188535845,0.11211293136915507],[-0.10106139167561957,-0.12415564183964546,0.05442992684491474,-0.005788335956102158,-0.06442070596396697,-0.05498672408191746,-0.004484652700683855,-0.061780997909493506,-0.07679342498061872,-0.02936084652884395,-0.0176944726073845,-0.23616549457097627,-0.08190727483082776,-0.5773442179801164,1.0,0.04279591837290502,-0.05014223889545254,-0.022501474008909155,-0.07704217656659729],[-0.0502250907907609,-0.014561696298256967,0.03398543343606111,0.01927960824829092,-0.028133740598083455,-0.010146449027038063,-0.044902473175109724,-0.05721879744731476,-0.01314517131255827,0.005398402197416213,-0.0011947453753002677,-0.0891380123653967,-0.13289036094202847,-0.03854651862406125,0.04279591837290502,1.0,-0.04596731651605923,-0.08339646134095939,-0.01246033587249669],[0.042730091468625296,-0.005819077724483149,-0.012347574189325446,0.001565671270370418,-0.046695347155763615,-0.04755236634820574,-0.04833729577983247,-0.0495962741888433,-0.01873328393466035,-0.0075683959574591505,-0.0007609772058049714,-0.07753818325890914,0.021277538565302453,0.11730178031427665,-0.05014223889545254,-0.04596731651605923,1.0,-0.022525247149349583,-0.028844334630219785],[0.11989989292333003,0.13381907660843495,0.039837623693255414,-0.015826256785264906,-0.08972233188636587,-0.0817645436777334,-0.11233299640338565,-0.1080110982874391,-0.15153919140002176,-0.08055515140381948,0.0392602021355616,0.18497711241491427,0.04108109284898645,-0.0048460036188535845,-0.022501474008909155,-0.08339646134095939,-0.022525247149349583,1.0,-0.14623115500866302],[-0.0729781700419179,0.0018736758301495283,-0.028909360431556348,0.021454895140609692,0.2670861909709457,0.7665447712523987,0.33574392231517786,0.4162929107974411,0.9553129037084992,0.5575530109460014,0.0362059873992366,-0.0038868384171204125,0.053524707118965446,0.11211293136915507,-0.07704217656659729,-0.01246033587249669,-0.028844334630219785,-0.14623115500866302,1.0]],\"type\":\"heatmap\",\"xaxis\":\"x\",\"yaxis\":\"y\",\"hovertemplate\":\"x: %{x}\\u003cbr\\u003ey: %{y}\\u003cbr\\u003eCorrelation: %{z}\\u003cextra\\u003e\\u003c\\u002fextra\\u003e\"}],                        {\"template\":{\"data\":{\"histogram2dcontour\":[{\"type\":\"histogram2dcontour\",\"colorbar\":{\"outlinewidth\":0,\"ticks\":\"\"},\"colorscale\":[[0.0,\"#0d0887\"],[0.1111111111111111,\"#46039f\"],[0.2222222222222222,\"#7201a8\"],[0.3333333333333333,\"#9c179e\"],[0.4444444444444444,\"#bd3786\"],[0.5555555555555556,\"#d8576b\"],[0.6666666666666666,\"#ed7953\"],[0.7777777777777778,\"#fb9f3a\"],[0.8888888888888888,\"#fdca26\"],[1.0,\"#f0f921\"]]}],\"choropleth\":[{\"type\":\"choropleth\",\"colorbar\":{\"outlinewidth\":0,\"ticks\":\"\"}}],\"histogram2d\":[{\"type\":\"histogram2d\",\"colorbar\":{\"outlinewidth\":0,\"ticks\":\"\"},\"colorscale\":[[0.0,\"#0d0887\"],[0.1111111111111111,\"#46039f\"],[0.2222222222222222,\"#7201a8\"],[0.3333333333333333,\"#9c179e\"],[0.4444444444444444,\"#bd3786\"],[0.5555555555555556,\"#d8576b\"],[0.6666666666666666,\"#ed7953\"],[0.7777777777777778,\"#fb9f3a\"],[0.8888888888888888,\"#fdca26\"],[1.0,\"#f0f921\"]]}],\"heatmap\":[{\"type\":\"heatmap\",\"colorbar\":{\"outlinewidth\":0,\"ticks\":\"\"},\"colorscale\":[[0.0,\"#0d0887\"],[0.1111111111111111,\"#46039f\"],[0.2222222222222222,\"#7201a8\"],[0.3333333333333333,\"#9c179e\"],[0.4444444444444444,\"#bd3786\"],[0.5555555555555556,\"#d8576b\"],[0.6666666666666666,\"#ed7953\"],[0.7777777777777778,\"#fb9f3a\"],[0.8888888888888888,\"#fdca26\"],[1.0,\"#f0f921\"]]}],\"heatmapgl\":[{\"type\":\"heatmapgl\",\"colorbar\":{\"outlinewidth\":0,\"ticks\":\"\"},\"colorscale\":[[0.0,\"#0d0887\"],[0.1111111111111111,\"#46039f\"],[0.2222222222222222,\"#7201a8\"],[0.3333333333333333,\"#9c179e\"],[0.4444444444444444,\"#bd3786\"],[0.5555555555555556,\"#d8576b\"],[0.6666666666666666,\"#ed7953\"],[0.7777777777777778,\"#fb9f3a\"],[0.8888888888888888,\"#fdca26\"],[1.0,\"#f0f921\"]]}],\"contourcarpet\":[{\"type\":\"contourcarpet\",\"colorbar\":{\"outlinewidth\":0,\"ticks\":\"\"}}],\"contour\":[{\"type\":\"contour\",\"colorbar\":{\"outlinewidth\":0,\"ticks\":\"\"},\"colorscale\":[[0.0,\"#0d0887\"],[0.1111111111111111,\"#46039f\"],[0.2222222222222222,\"#7201a8\"],[0.3333333333333333,\"#9c179e\"],[0.4444444444444444,\"#bd3786\"],[0.5555555555555556,\"#d8576b\"],[0.6666666666666666,\"#ed7953\"],[0.7777777777777778,\"#fb9f3a\"],[0.8888888888888888,\"#fdca26\"],[1.0,\"#f0f921\"]]}],\"surface\":[{\"type\":\"surface\",\"colorbar\":{\"outlinewidth\":0,\"ticks\":\"\"},\"colorscale\":[[0.0,\"#0d0887\"],[0.1111111111111111,\"#46039f\"],[0.2222222222222222,\"#7201a8\"],[0.3333333333333333,\"#9c179e\"],[0.4444444444444444,\"#bd3786\"],[0.5555555555555556,\"#d8576b\"],[0.6666666666666666,\"#ed7953\"],[0.7777777777777778,\"#fb9f3a\"],[0.8888888888888888,\"#fdca26\"],[1.0,\"#f0f921\"]]}],\"mesh3d\":[{\"type\":\"mesh3d\",\"colorbar\":{\"outlinewidth\":0,\"ticks\":\"\"}}],\"scatter\":[{\"fillpattern\":{\"fillmode\":\"overlay\",\"size\":10,\"solidity\":0.2},\"type\":\"scatter\"}],\"parcoords\":[{\"type\":\"parcoords\",\"line\":{\"colorbar\":{\"outlinewidth\":0,\"ticks\":\"\"}}}],\"scatterpolargl\":[{\"type\":\"scatterpolargl\",\"marker\":{\"colorbar\":{\"outlinewidth\":0,\"ticks\":\"\"}}}],\"bar\":[{\"error_x\":{\"color\":\"#2a3f5f\"},\"error_y\":{\"color\":\"#2a3f5f\"},\"marker\":{\"line\":{\"color\":\"#E5ECF6\",\"width\":0.5},\"pattern\":{\"fillmode\":\"overlay\",\"size\":10,\"solidity\":0.2}},\"type\":\"bar\"}],\"scattergeo\":[{\"type\":\"scattergeo\",\"marker\":{\"colorbar\":{\"outlinewidth\":0,\"ticks\":\"\"}}}],\"scatterpolar\":[{\"type\":\"scatterpolar\",\"marker\":{\"colorbar\":{\"outlinewidth\":0,\"ticks\":\"\"}}}],\"histogram\":[{\"marker\":{\"pattern\":{\"fillmode\":\"overlay\",\"size\":10,\"solidity\":0.2}},\"type\":\"histogram\"}],\"scattergl\":[{\"type\":\"scattergl\",\"marker\":{\"colorbar\":{\"outlinewidth\":0,\"ticks\":\"\"}}}],\"scatter3d\":[{\"type\":\"scatter3d\",\"line\":{\"colorbar\":{\"outlinewidth\":0,\"ticks\":\"\"}},\"marker\":{\"colorbar\":{\"outlinewidth\":0,\"ticks\":\"\"}}}],\"scattermapbox\":[{\"type\":\"scattermapbox\",\"marker\":{\"colorbar\":{\"outlinewidth\":0,\"ticks\":\"\"}}}],\"scatterternary\":[{\"type\":\"scatterternary\",\"marker\":{\"colorbar\":{\"outlinewidth\":0,\"ticks\":\"\"}}}],\"scattercarpet\":[{\"type\":\"scattercarpet\",\"marker\":{\"colorbar\":{\"outlinewidth\":0,\"ticks\":\"\"}}}],\"carpet\":[{\"aaxis\":{\"endlinecolor\":\"#2a3f5f\",\"gridcolor\":\"white\",\"linecolor\":\"white\",\"minorgridcolor\":\"white\",\"startlinecolor\":\"#2a3f5f\"},\"baxis\":{\"endlinecolor\":\"#2a3f5f\",\"gridcolor\":\"white\",\"linecolor\":\"white\",\"minorgridcolor\":\"white\",\"startlinecolor\":\"#2a3f5f\"},\"type\":\"carpet\"}],\"table\":[{\"cells\":{\"fill\":{\"color\":\"#EBF0F8\"},\"line\":{\"color\":\"white\"}},\"header\":{\"fill\":{\"color\":\"#C8D4E3\"},\"line\":{\"color\":\"white\"}},\"type\":\"table\"}],\"barpolar\":[{\"marker\":{\"line\":{\"color\":\"#E5ECF6\",\"width\":0.5},\"pattern\":{\"fillmode\":\"overlay\",\"size\":10,\"solidity\":0.2}},\"type\":\"barpolar\"}],\"pie\":[{\"automargin\":true,\"type\":\"pie\"}]},\"layout\":{\"autotypenumbers\":\"strict\",\"colorway\":[\"#636efa\",\"#EF553B\",\"#00cc96\",\"#ab63fa\",\"#FFA15A\",\"#19d3f3\",\"#FF6692\",\"#B6E880\",\"#FF97FF\",\"#FECB52\"],\"font\":{\"color\":\"#2a3f5f\"},\"hovermode\":\"closest\",\"hoverlabel\":{\"align\":\"left\"},\"paper_bgcolor\":\"white\",\"plot_bgcolor\":\"#E5ECF6\",\"polar\":{\"bgcolor\":\"#E5ECF6\",\"angularaxis\":{\"gridcolor\":\"white\",\"linecolor\":\"white\",\"ticks\":\"\"},\"radialaxis\":{\"gridcolor\":\"white\",\"linecolor\":\"white\",\"ticks\":\"\"}},\"ternary\":{\"bgcolor\":\"#E5ECF6\",\"aaxis\":{\"gridcolor\":\"white\",\"linecolor\":\"white\",\"ticks\":\"\"},\"baxis\":{\"gridcolor\":\"white\",\"linecolor\":\"white\",\"ticks\":\"\"},\"caxis\":{\"gridcolor\":\"white\",\"linecolor\":\"white\",\"ticks\":\"\"}},\"coloraxis\":{\"colorbar\":{\"outlinewidth\":0,\"ticks\":\"\"}},\"colorscale\":{\"sequential\":[[0.0,\"#0d0887\"],[0.1111111111111111,\"#46039f\"],[0.2222222222222222,\"#7201a8\"],[0.3333333333333333,\"#9c179e\"],[0.4444444444444444,\"#bd3786\"],[0.5555555555555556,\"#d8576b\"],[0.6666666666666666,\"#ed7953\"],[0.7777777777777778,\"#fb9f3a\"],[0.8888888888888888,\"#fdca26\"],[1.0,\"#f0f921\"]],\"sequentialminus\":[[0.0,\"#0d0887\"],[0.1111111111111111,\"#46039f\"],[0.2222222222222222,\"#7201a8\"],[0.3333333333333333,\"#9c179e\"],[0.4444444444444444,\"#bd3786\"],[0.5555555555555556,\"#d8576b\"],[0.6666666666666666,\"#ed7953\"],[0.7777777777777778,\"#fb9f3a\"],[0.8888888888888888,\"#fdca26\"],[1.0,\"#f0f921\"]],\"diverging\":[[0,\"#8e0152\"],[0.1,\"#c51b7d\"],[0.2,\"#de77ae\"],[0.3,\"#f1b6da\"],[0.4,\"#fde0ef\"],[0.5,\"#f7f7f7\"],[0.6,\"#e6f5d0\"],[0.7,\"#b8e186\"],[0.8,\"#7fbc41\"],[0.9,\"#4d9221\"],[1,\"#276419\"]]},\"xaxis\":{\"gridcolor\":\"white\",\"linecolor\":\"white\",\"ticks\":\"\",\"title\":{\"standoff\":15},\"zerolinecolor\":\"white\",\"automargin\":true,\"zerolinewidth\":2},\"yaxis\":{\"gridcolor\":\"white\",\"linecolor\":\"white\",\"ticks\":\"\",\"title\":{\"standoff\":15},\"zerolinecolor\":\"white\",\"automargin\":true,\"zerolinewidth\":2},\"scene\":{\"xaxis\":{\"backgroundcolor\":\"#E5ECF6\",\"gridcolor\":\"white\",\"linecolor\":\"white\",\"showbackground\":true,\"ticks\":\"\",\"zerolinecolor\":\"white\",\"gridwidth\":2},\"yaxis\":{\"backgroundcolor\":\"#E5ECF6\",\"gridcolor\":\"white\",\"linecolor\":\"white\",\"showbackground\":true,\"ticks\":\"\",\"zerolinecolor\":\"white\",\"gridwidth\":2},\"zaxis\":{\"backgroundcolor\":\"#E5ECF6\",\"gridcolor\":\"white\",\"linecolor\":\"white\",\"showbackground\":true,\"ticks\":\"\",\"zerolinecolor\":\"white\",\"gridwidth\":2}},\"shapedefaults\":{\"line\":{\"color\":\"#2a3f5f\"}},\"annotationdefaults\":{\"arrowcolor\":\"#2a3f5f\",\"arrowhead\":0,\"arrowwidth\":1},\"geo\":{\"bgcolor\":\"white\",\"landcolor\":\"#E5ECF6\",\"subunitcolor\":\"white\",\"showland\":true,\"showlakes\":true,\"lakecolor\":\"white\"},\"title\":{\"x\":0.05},\"mapbox\":{\"style\":\"light\"}}},\"xaxis\":{\"anchor\":\"y\",\"domain\":[0.0,1.0],\"scaleanchor\":\"y\",\"constrain\":\"domain\"},\"yaxis\":{\"anchor\":\"x\",\"domain\":[0.0,1.0],\"autorange\":\"reversed\",\"constrain\":\"domain\"},\"coloraxis\":{\"colorbar\":{\"title\":{\"text\":\"Correlation\"}},\"colorscale\":[[0.0,\"#0d0887\"],[0.1111111111111111,\"#46039f\"],[0.2222222222222222,\"#7201a8\"],[0.3333333333333333,\"#9c179e\"],[0.4444444444444444,\"#bd3786\"],[0.5555555555555556,\"#d8576b\"],[0.6666666666666666,\"#ed7953\"],[0.7777777777777778,\"#fb9f3a\"],[0.8888888888888888,\"#fdca26\"],[1.0,\"#f0f921\"]]},\"margin\":{\"t\":60},\"title\":{\"text\":\"Correlation Matrix of Audio Features\"}},                        {\"responsive\": true}                    ).then(function(){\n",
              "                            \n",
              "var gd = document.getElementById('bd1c0e4a-419c-4431-971f-d6e41e90c866');\n",
              "var x = new MutationObserver(function (mutations, observer) {{\n",
              "        var display = window.getComputedStyle(gd).display;\n",
              "        if (!display || display === 'none') {{\n",
              "            console.log([gd, 'removed!']);\n",
              "            Plotly.purge(gd);\n",
              "            observer.disconnect();\n",
              "        }}\n",
              "}});\n",
              "\n",
              "// Listen for the removal of the full notebook cells\n",
              "var notebookContainer = gd.closest('#notebook-container');\n",
              "if (notebookContainer) {{\n",
              "    x.observe(notebookContainer, {childList: true});\n",
              "}}\n",
              "\n",
              "// Listen for the clearing of the current output cell\n",
              "var outputEl = gd.closest('.output');\n",
              "if (outputEl) {{\n",
              "    x.observe(outputEl, {childList: true});\n",
              "}}\n",
              "\n",
              "                        })                };                            </script>        </div>\n",
              "</body>\n",
              "</html>"
            ]
          },
          "metadata": {}
        }
      ]
    },
    {
      "cell_type": "markdown",
      "source": [
        "Popularity vs. Danceability"
      ],
      "metadata": {
        "id": "0ZUvBSXozxxm"
      }
    },
    {
      "cell_type": "code",
      "source": [
        "fig = px.scatter(df, x='danceability_%', y='streams',\n",
        "                 color='in_spotify_charts',\n",
        "                 labels={'danceability_%': 'Danceability', 'streams': 'Streams'},\n",
        "                 title='Popularity vs. Danceability')\n",
        "fig.show()"
      ],
      "metadata": {
        "colab": {
          "base_uri": "https://localhost:8080/",
          "height": 542
        },
        "id": "4bvs8NaNzxec",
        "outputId": "51adf3e2-31ea-440d-af42-02cac3422a65"
      },
      "execution_count": 20,
      "outputs": [
        {
          "output_type": "display_data",
          "data": {
            "text/html": [
              "<html>\n",
              "<head><meta charset=\"utf-8\" /></head>\n",
              "<body>\n",
              "    <div>            <script src=\"https://cdnjs.cloudflare.com/ajax/libs/mathjax/2.7.5/MathJax.js?config=TeX-AMS-MML_SVG\"></script><script type=\"text/javascript\">if (window.MathJax && window.MathJax.Hub && window.MathJax.Hub.Config) {window.MathJax.Hub.Config({SVG: {font: \"STIX-Web\"}});}</script>                <script type=\"text/javascript\">window.PlotlyConfig = {MathJaxConfig: 'local'};</script>\n",
